66,5
62,2
81,35
3,2
3,1
3,3
10,118
10,80
10,116
10,308
8,16
8,11
8,14
8,8
8,18
8,7
8,5
8,2
77,4
77,3
77,1
75,3
75,1
71,3
71,1
69,5
69,4
69,3
69,1
66,4
66,3
66,1
64,3
64,1
63,3
63,1
62,5
62,4
62,3
62,1
60,3
60,1
20,3
20,2
20,1
19,3
19,2
19,1
12,3
12,2
12,1
11,29
18,1
11,28
18,3
11,27
11,26
11,25
11,24
11,23
11,22
11,21
14,1
11,20
14,3
13,1
11,19
13,3
11,18
11,16
11,15
11,14
11,12
11,11
11,10
11,8
11,6
11,4
11,3
11,2
11,1
10,292
10,289
10,288
10,278
10,276
10,275
10,270
10,262
10,252
10,251
10,248
10,244
10,238
10,236
10,204
10,202
10,196
10,192
10,190
10,188
10,178
10,176
10,172
10,170
10,137
10,136
10,132
10,115
10,104
10,102
10,92
10,86
10,79
10,72
10,64
10,34
